word,frequency
AI,16
Claude,11
Code,11
つの,9
実装,8
した,7
レビュー,6
アプリ,5
React,5
入門,5
現場,5
コード,5
——,4
してみた,4
エンジニア,4
AWS,3
Google,3
して,3
スキル,3
本気,3
ログイン,3
える,3
解決,3
実践,3
パターン,3
完全,3
開示,3
自動,3
改善,3
名前,3
った,3
Japan,2
Jr,2
Champions,2
としての,2
活動,2
デプロイ,2
ブラウザ,2
IDE,2
しました,2
活用,2
MCP,2
って,2
んだ,2
多層,2
LLM,2
システム,2
SKILLS,2
になった,2
動的,2
API,2
設定,2
方法,2
URL,2
追加,2
Mac,2
Ubuntu,2
実験,2
プロンプト,2
による,2
半分,2
エンジン,2
公開,2
Gemini,2
適時,2
情報,2
取得,2
しよう,2
ボット,2
理解,2
への,2
TypeScript,2
習記,2
in,2
いた,2
Hooks,2
環境,2
定義,2
管理,2
開発,2
hook,2
安全,2
では,2
言語,2
対策,2
TLS,2
PKI,2
──,2
モデル,2
時代,2
PBO,2
画面,2
Program,2
Files,2
導入,2
設計,2
null,2
conoha,1
cli,1
OpenCascade,1
